Factura	Fecha_Anno	Fecha_Mes	Fecha_Dia	FechaV_Anno	FechaV_Mes	FechaV_Dia	Cliente	Item	Cantidad	Moneda	Precio	Total	Almacen	Vendedor	TotalUSB	Impuesto	ImpuestoUSB	TipoCambio	Ganacia	GanaciaUSB
503532	2016	12	8	2017	1	8	C0350	300	12	CRC	232,75	2793	1	-1	5,0099999999999998	363,08999999999997	0,65000000000000002	1	9844800	17700
504288	2016	12	12	2016	12	12	C3124	300	6	CRC	245	1470	1	-1	2,6400000000000001	191,09999999999999	0,34000000000000002	1	5657400	10200
507677	2017	1	4	2017	3	4	C0184	284	3	CRC	63996	191988	1	-1	342,17000000000002	24958,439999999999	44,479999999999997	1	30444,779999999999	542600
515833	2017	2	15	2017	3	15	C0384	297	10	CRC	11995	119950	1	-1	211,59	15593,5	27,510000000000002	1	31330,560000000001	552700
517465	2017	2	22	2017	3	24	C3178	300	4	CRC	245	980	1	-1	1,72	127,40000000000001	0,22	1	3771600	0,66000000000000003
518704	2017	2	28	2017	4	29	C0361	284	3	CRC	63996	191988	1	-1	337,91000000000003	24958,439999999999	43,93	1	30444,779999999999	535800
529235	2017	4	24	2017	5	24	C2329	300	6	CRC	245	1470	1	-1	2,5899999999999999	191,09999999999999	0,34000000000000002	1	5657400	10000
531190	2017	5	3	2017	6	3	C3753	300	24	CRC	245	5880	1	-1	10,300000000000001	764,39999999999998	1,3400000000000001	1	2262,96	39700
535908	2017	5	20	2017	6	20	C3813	300	24	CRC	245	5880	1	-1	10,029999999999999	764,39999999999998	1,3	1	2262,96	38600
524857	2017	3	29	2017	4	29	C3639	300	6	CRC	245	1470	1	-1	2,6000000000000001	191,09999999999999	0,34000000000000002	1	5657400	10000
538911	2017	6	1	2017	7	1	C1577	300	20	CRC	245	4900	1	-1	8,4900000000000002	637	1,1000000000000001	1	1885,8	32600
539978	2017	6	7	2017	6	7	C3156	299	2	CRC	8344,1100000000006	16688,220000000001	1	-1	29	2169,4699999999998	3,77	1	2781,3600000000001	48300
541234	2017	6	13	2017	7	13	C2308	300	5	CRC	250,28999999999999	1251,45	1	-1	2,1699999999999999	162,69	0,28000000000000003	1	4979000	0,87
541417	2017	6	13	2017	7	13	C0151	297	2	CRC	11995	23990	1	-1	41,539999999999999	3118,6999999999998	5,4000000000000004	1	7391,29	128000
542606	2017	6	19	2017	7	19	C1914	297	2	CRC	11995	23990	1	-1	41,590000000000003	3118,6999999999998	5,4100000000000001	1	7391,2799999999997	128100
537750	2017	5	27	2017	5	27	C3815	300	30	CRC	271,13999999999999	8134,1999999999998	1	-1	13,85	1057,45	1,8	1	3612,9000000000001	61500
540958	2017	6	12	2017	7	12	C3042	297	1	CRC	11995	11995	1	-1	20,77	1559,3499999999999	2,7000000000000002	1	3695,6399999999999	64000
541171	2017	6	13	2017	9	13	C0232	297	3	CRC	11995	35985	1	-1	62,310000000000002	4678,0500000000002	8,0999999999999996	1	11086,93	191900
542804	2017	6	20	2017	7	20	C2329	284	2	CRC	57500	115000	1	-1	199,37	14950	25,920000000000002	1	17768,169999999998	308100
543024	2017	6	21	2017	8	21	C3831	300	6	CRC	250,28999999999999	1501,74	1	-1	2,6000000000000001	195,22999999999999	0,34000000000000002	1	5974800	10300
543024	2017	6	21	2017	8	21	C3831	300	6	CRC	250,28999999999999	1501,74	1	-1	2,6000000000000001	195,22999999999999	0,34000000000000002	1	5974800	10300
543140	2017	6	21	2017	7	21	C2110	297	1	CRC	11995	11995	1	-1	20,780000000000001	1559,3499999999999	2,7000000000000002	1	3695,6399999999999	64100
543243	2017	6	21	2017	7	21	C0837	297	3	CRC	11994,700000000001	35984,099999999999	1	-1	62,32	4677,9399999999996	8,0999999999999996	1	11086,030000000001	192000
543768	2017	6	23	2017	7	23	C1191	284	6	CRC	57500	345000	1	-1	597,51999999999998	44850	77,680000000000007	1	53304,519999999997	923200
523986	2017	3	24	2017	5	24	C1622	299	2	CRC	7800	15600	1	-1	27,620000000000001	2028	3,5899999999999999	1	1693,1400000000001	30000
555011	2017	8	22	2017	9	22	C2174	299	1	CRC	10378,25	10378,25	1	-1	17,969999999999999	1349,1700000000001	2,3399999999999999	1	3424,8200000000002	59300
555799	2017	8	24	2017	9	24	C0063	300	20	CRC	245	4900	1	-1	8,4900000000000002	637	1,1000000000000001	1	1885,8	32700
545030	2017	6	29	2017	7	29	C0151	297	2	CRC	11995	23990	1	-1	41,530000000000001	3118,6999999999998	5,4000000000000004	1	7391,29	127900
547648	2017	7	13	2017	8	13	C1698	300	60	CRC	245	14700	1	-1	25,559999999999999	1911	3,3199999999999998	1	5657,3900000000003	98400
557248	2017	8	31	2017	9	30	C0053	300	6	CRC	245	1470	1	-1	2,5499999999999998	191,09999999999999	0,33000000000000002	1	5657400	0,97999999999999998
566234	2017	10	13	2017	11	13	C1782	300	24	CRC	250	6000	1	-1	10,44	780	1,3600000000000001	1	2382,96	41500
567604	2017	10	19	2017	11	19	C3903	300	3	CRC	250	750	1	-1	1,3100000000000001	97,5	0,17000000000000001	1	2978700	0,52000000000000002
569224	2017	10	26	2017	10	26	C3440	300	1	CRC	250	250	1	-1	0,44	32,5	5,9999999999999998E-2	1	992900	0,17999999999999999
565599	2017	10	11	2017	11	11	C0603	300	100	CRC	250	25000	1	-1	43,299999999999997	3250	5,6299999999999999	1	9928,9899999999998	172000
559404	2017	9	12	2017	10	12	C0356	284	1	CRC	63996	63996	1	-1	110,22	8319,4799999999996	14,33	1	15380,09	264900
560152	2017	9	14	2017	10	14	C3285	300	12	CRC	245	2940	1	-1	5,0700000000000003	382,19999999999999	0,66000000000000003	1	1131,48	19500
571083	2017	11	5	2017	12	5	C2356	300	36	CRC	250	9000	1	-1	15,74	1170	2,0499999999999998	1	3574,4299999999998	62500
575737	2017	11	24	2017	12	24	C2321	300	5	CRC	250	1250	1	-1	2,2000000000000002	162,5	0,28999999999999998	1	4964500	0,87
572432	2017	11	10	2017	12	10	C2853	300	24	CRC	250	6000	1	-1	10,49	780	1,3600000000000001	1	2382,96	41700
572812	2017	11	13	2017	12	13	C0603	300	50	CRC	250	12500	1	-1	21,850000000000001	1625	2,8399999999999999	1	4964,4899999999998	86800
573244	2017	11	14	2017	12	14	C1640	300	6	CRC	250	1500	1	-1	2,6200000000000001	195	0,34000000000000002	1	5957400	10400
582508	2018	1	3	2018	1	3	C4035	300	1	CRC	250	250	1	-1	0,44	32,5	5,9999999999999998E-2	1	992900	0,17999999999999999
583824	2018	1	9	2018	2	9	C0876	300	6	CRC	250	1500	1	-1	2,6200000000000001	195	0,34000000000000002	1	5957400	10400
557950	2017	9	5	2017	10	5	C0356	300	48	CRC	245	11760	1	-1	20,300000000000001	1528,8	2,6400000000000001	1	4525,9099999999999	78100
586527	2018	1	23	2018	1	23	C4035	300	2	CRC	250	500	1	-1	0,87	65	0,11	1	1607800	0,28000000000000003
587672	2018	1	27	2018	2	27	C4056	299	1	CRC	10500	10500	1	-1	18,390000000000001	1365	2,3900000000000001	1	3546,5700000000002	62100
593172	2018	2	22	2018	3	22	C1514	297	2	CRC	12100	24200	1	-1	42,259999999999998	3146	5,5	1	1231,76	21500
593271	2018	2	22	2018	3	22	C0717	297	1	CRC	12100	12100	1	-1	21,129999999999999	1573	2,75	1	6158800	10700
593409	2018	2	23	2018	3	23	C3367	297	3	CRC	12100	36300	1	-1	63,399999999999999	4719	8,2400000000000002	1	1847,6300000000001	32300
593726	2018	2	26	2018	2	26	C3534	300	15	CRC	250	3750	1	-1	6,5499999999999998	487,5	0,84999999999999998	1	1205,8800000000001	21100
593883	2018	2	27	2018	3	27	C1834	297	1	CRC	12100	12100	1	-1	21,120000000000001	1573	2,75	1	6158800	10700
595337	2018	3	6	2018	4	6	C1472	297	1	CRC	12100	12100	1	-1	21,129999999999999	1573	2,75	1	6158800	10800
595606	2018	3	6	2018	4	6	C3486	297	1	CRC	12100	12100	1	-1	21,129999999999999	1573	2,75	1	6158800	10800
596043	2018	3	8	2018	4	8	C2127	300	40	CRC	225	9000	1	-1	15,74	1170	2,0499999999999998	1	2215,6799999999998	38800
597892	2018	3	16	2018	4	16	C1570	297	1	CRC	12100	12100	1	-1	21,289999999999999	1573	2,77	1	6158800	10800
598598	2018	3	20	2018	4	20	C1191	297	2	CRC	12463	24926	1	-1	43,829999999999998	3240,3800000000001	5,7000000000000002	1	1957,76	34400
600374	2018	4	2	2018	5	2	C3154	300	4	CRC	250	1000	1	-1	1,76	130	0,23000000000000001	1	3215700	0,56999999999999995
600731	2018	4	3	2018	5	3	C3486	297	1	CRC	12100	12100	1	-1	21,260000000000002	1573	2,7599999999999998	1	6158800	10800
598641	2018	3	20	2018	4	20	C2174	297	2	CRC	12100	24200	1	-1	42,549999999999997	3146	5,5300000000000002	1	1231,76	21600
598661	2018	3	20	2018	4	20	C0401	297	1	CRC	12100	12100	1	-1	21,280000000000001	1573	2,77	1	6158800	10900
598990	2018	3	21	2018	4	21	C3417	297	1	CRC	12100	12100	1	-1	21,300000000000001	1573	2,77	1	6158800	10800
603067	2018	4	12	2018	5	12	C3369	300	288	CRC	229,62719999999999	66132,630000000005	1	-1	116,31999999999999	8597,2399999999998	15,119999999999999	1	17285,549999999999	304100
603946	2018	4	17	2018	4	17	C3701	297	1	CRC	12100	12100	1	-1	21,329999999999998	1573	2,77	1	6158800	10900
601254	2018	4	5	2018	5	5	C0201	297	1	CRC	12100	12100	1	-1	21,260000000000002	1573	2,7599999999999998	1	6158800	10800
602345	2018	4	10	2018	5	10	C3544	297	1	CRC	12100	12100	1	-1	21,27	1573	2,77	1	6158800	10800
605909	2018	4	25	2018	5	25	C1472	297	1	CRC	12100	12100	1	-1	21,34	1573	2,77	1	6158800	10900
606903	2018	4	28	2018	5	28	C4069	300	10	CRC	260,94	2609,4000000000001	1	-1	4,5899999999999999	339,22000000000003	0,59999999999999998	1	9511200	16700
607517	2018	5	3	2018	6	3	C1075	297	2	CRC	12100	24200	1	-1	42,549999999999997	3146	5,5300000000000002	1	1231,75	21600
604306	2018	4	18	2018	5	18	C0983	297	2	CRC	12100	24200	1	-1	42,649999999999999	3146	5,54	1	1231,75	21800
607850	2018	5	4	2018	6	4	C0826	297	1	CRC	12100	12100	1	-1	21,280000000000001	1573	2,77	1	6158800	10800
608140	2018	5	4	2018	6	4	C3867	300	13	CRC	260,94	3392,2199999999998	1	-1	5,9699999999999998	440,99000000000001	0,78000000000000003	1	1236,45	21800
608863	2018	5	8	2018	6	8	C3274	297	1	CRC	12100	12100	1	-1	21,25	1573	2,7599999999999998	1	6158800	10800
608879	2018	5	8	2018	6	8	C3367	297	2	CRC	12100	24200	1	-1	42,5	3146	5,5300000000000002	1	1231,75	21600
609054	2018	5	9	2018	6	9	C1505	297	1	CRC	12100	12100	1	-1	21,25	1573	2,7599999999999998	1	6158800	10800
612799	2018	5	24	2018	6	24	C2110	297	1	CRC	12100	12100	1	-1	21,329999999999998	1573	2,77	1	6158800	10900
612845	2018	5	24	2018	6	24	C0353	297	1	CRC	12100	12100	1	-1	21,329999999999998	1573	2,77	1	6158800	10900
613149	2018	5	25	2018	7	25	C0184	297	2	CRC	12100	24200	1	-1	42,590000000000003	3146	5,54	1	1231,75	21700
591849	2018	2	15	2018	3	15	C0384	297	10	CRC	12100	121000	1	-1	211,41	15730	27,48	1	6158,7799999999997	107600
592544	2018	2	20	2018	3	20	C0837	297	3	CRC	11495	34485	1	-1	60,25	4483,0500000000002	7,8300000000000001	1	326400	5,9999999999999998E-2
604804	2018	4	19	2018	5	19	C0120	297	2	CRC	12069,75	24139,5	1	-1	42,530000000000001	3138,1300000000001	5,5300000000000002	1	1171,25	20600
624714	2018	7	13	2018	8	13	C0603	300	12	CRC	260,94	3131,2800000000002	1	-1	5,4900000000000002	407,06999999999999	0,70999999999999996	1	8938800	15700
625383	2018	7	18	2018	8	18	C3367	299	2	CRC	10697,58	21395,16	1	-1	37,520000000000003	2781,3699999999999	4,8799999999999999	1	7488,3100000000004	131300
627114	2018	7	26	2018	8	26	C3867	300	40	CRC	260,94	10437,6	1	-1	18,300000000000001	1356,8900000000001	2,3799999999999999	1	2979,5999999999999	52200
630864	2018	8	11	2018	9	11	C0603	300	20	CRC	260,94	5218,8000000000002	1	-1	9,1500000000000004	678,44000000000005	1,1899999999999999	1	1489,8	26100
631412	2018	8	14	2018	9	14	C3753	300	5	CRC	247,893	1239,47	1	-1	2,1699999999999999	161,13	0,28000000000000003	1	3072200	0,54000000000000004
632500	2018	8	20	2018	9	20	C3369	300	50	CRC	229,62719999999999	11481,360000000001	1	-1	20,149999999999999	1492,5799999999999	2,6200000000000001	1	2158,8600000000001	37900
4906	2018	9	24	2018	11	24	C0532	300	2	CRC	260,94	521,88	1	-1	0,90000000000000002	67,840000000000003	0,12	1	1489800	0,26000000000000001
5461	2018	9	26	2018	10	26	C2138	300	3	CRC	260,94	782,82000000000005	1	-1	1,3500000000000001	101,77	0,17999999999999999	1	2234700	0,39000000000000001
761	2018	9	5	2018	10	5	C3795	300	6	CRC	260,94	1565,6400000000001	1	-1	2,6800000000000002	203,53	0,34999999999999998	1	4469400	0,77000000000000002
844	2018	9	5	2018	11	5	C1511	300	24	CRC	287	6888	1	-1	11,77	805,89999999999998	1,3799999999999999	1	1724,4000000000001	29400
3639	2018	9	19	2018	10	19	C4047	300	20	CRC	260,94	5218,8000000000002	1	-1	8,9900000000000002	678,44000000000005	1,1699999999999999	1	1489,8	25700
4121	2018	9	20	2018	10	20	C1701	300	10	CRC	260,94	2609,4000000000001	1	-1	4,4900000000000002	339,22000000000003	0,57999999999999996	1	7449000	12800
10983	2018	10	19	2018	11	19	C3369	300	36	CRC	229,62719999999999	8266,5799999999999	1	-1	13,869999999999999	1074,6600000000001	1,8	1	1554,3800000000001	26000
11273	2018	10	22	2018	11	22	C0638	300	24	CRC	260,94	6262,5600000000004	1	-1	10,5	814,13	1,3700000000000001	1	1787,76	30000
13497	2018	10	31	2018	11	30	C3855	300	36	CRC	260,94	9393,8400000000001	1	-1	15,380000000000001	1221,2	2	1	2681,6399999999999	43900
13521	2018	10	31	2018	11	30	C4047	300	20	CRC	260,94	5218,8000000000002	1	-1	8,5500000000000007	678,44000000000005	1,1100000000000001	1	1489,8	24400
16385	2018	11	12	2018	12	12	C1989	300	200	CRC	287,02999999999997	57406	1	-1	92,040000000000006	7462,7799999999997	11,960000000000001	1	20116,009999999998	322500
11281	2018	10	22	2018	11	22	C4311	300	10	CRC	260,94	2609,4000000000001	1	-1	4,3700000000000001	339,22000000000003	0,56999999999999995	1	7449000	12400
14668	2018	11	5	2018	12	5	C0638	300	12	CRC	287,02999999999997	3444,3600000000001	1	-1	5,54	447,76999999999998	0,71999999999999997	1	1206,96	19400
17075	2018	11	14	2018	12	14	C1854	300	100	CRC	287,02999999999997	28703	1	-1	46,289999999999999	3731,3899999999999	6,0199999999999996	1	10058	162200
17586	2018	11	16	2018	12	16	C0638	300	13	CRC	287,02999999999997	3731,3899999999999	1	-1	6,1100000000000003	485,07999999999998	0,79000000000000004	1	1307,54	21400
29084	2019	1	16	2019	2	16	C0856	297	1	CRC	20575	20575	1	-1	34	2674,75	4,4199999999999999	1	7613,6300000000001	125800
22052	2018	12	5	2019	1	5	C1779	297	4		0	0	1	-1	0	0	0	1	-51845,470000000001	-858600
23917	2018	12	13	2019	1	13	C0401	297	1	CRC	17285	17285	1	-1	28,77	2247,0500000000002	3,75	1	4323,6300000000001	72000
23033	2018	12	11	2019	1	11	C1779	297	4	CRC	16075,049999999999	64300,199999999997	1	62	106,8	8359,0300000000007	13,880000000000001	1	12454,73	206900
612287	2018	5	23	2018	6	23	C1309	297	1	CRC	14000	14000	1	-1	24,690000000000001	1820	3,21	1	2515,8800000000001	44400
36257	2019	2	18	2019	3	18	C0540	297	1	CRC	18517,5	18517,5	1	-1	30,289999999999999	2407,2800000000002	3,9399999999999999	1	5556,1300000000001	90900
40028	2019	3	7	2019	4	7	C4044	297	3	CRC	20575	61725	1	-1	101	8024,25	13,130000000000001	1	22840,900000000001	373700
44999	2019	3	30	2019	4	30	C0983	297	3	CRC	18517,5	55552,5	1	-1	92,219999999999999	7221,8199999999997	11,99	1	16668,400000000001	276700
40616	2019	3	11	2019	4	11	C1914	297	1	CRC	18517,5	18517,5	1	-1	30,32	2407,2800000000002	3,9399999999999999	1	5556,1300000000001	91000
46481	2019	4	6	2019	5	6	C0983	297	3	CRC	18517,5	55552,5	1	-1	91,280000000000001	7221,8199999999997	11,869999999999999	1	16668,400000000001	273900
50597	2019	4	29	2019	5	29	C3993	297	2	CRC	18517,5	37035	1	-1	61,869999999999997	4814,5500000000002	8,0399999999999991	1	11112,280000000001	185700
58186	2019	5	31	2019	6	30	C1442	297	1	CRC	18517,5	18517,5	1	-1	31,359999999999999	2407,2800000000002	4,0800000000000001	1	5853,9399999999996	99200
70663	2019	7	23	2019	8	23	C4466	297	2	CRC	18517,5	37035	1	-1	64,209999999999994	4814,5500000000002	8,3499999999999996	1	11435,879999999999	198300
69479	2019	7	17	2019	8	17	C4365	297	1	CRC	18517,5	18517,5	1	-1	32,039999999999999	2407,27	4,1699999999999999	1	5717,9399999999996	98900
76322	2019	8	20	2019	9	20	C4079	297	1	CRC	18517,5	18517,5	1	-1	32,490000000000002	2407,2800000000002	4,2199999999999998	1	5717,9399999999996	100300
77946	2019	8	28	2019	8	28	C1450	297	1	CRC	18517,5	18517,5	1	-1	32,490000000000002	2407,2800000000002	4,2199999999999998	1	5717,9399999999996	100400
502699	2016	12	6	2016	12	6	C3212	294	2	CRC	446,35000000000002	892,70000000000005	1	-1	1,6000000000000001	110,25	0,20000000000000001	1	2663400	0,47999999999999998
502910	2016	12	6	2017	2	6	C0571	294	29	CRC	446,35000000000002	12944,15	1	-1	23,18	1682,74	3,0099999999999998	1	4509,2299999999996	80700
503060	2016	12	6	2017	2	6	C0571	294	12	CRC	446,35000000000002	5356,1999999999998	1	-1	9,5899999999999999	696,30999999999995	1,25	1	1865,8900000000001	33400
503107	2016	12	7	2016	12	23	C2174	296	12	CRC	446,35000000000002	5356,1999999999998	1	-1	9,5999999999999996	696,30999999999995	1,25	1	1877,6800000000001	33600
503564	2016	12	8	2017	1	8	C0609	296	6	CRC	446,35000000000002	2678,0999999999999	1	-1	4,7999999999999998	348,14999999999998	0,62	1	9388400	16800
503593	2016	12	8	2017	1	8	C1400	296	12	CRC	446,35000000000002	5356,1999999999998	1	-1	9,6099999999999994	696,30999999999995	1,25	1	1877,6800000000001	33700
503593	2016	12	8	2017	1	8	C1400	294	12	CRC	446,35000000000002	5356,1999999999998	1	-1	9,6099999999999994	696,30999999999995	1,25	1	1865,8900000000001	33500
504413	2016	12	12	2017	1	12	C0413	294	6	CRC	446,35000000000002	2678,0999999999999	1	-1	4,7999999999999998	348,14999999999998	0,62	1	9329500	16700
504958	2016	12	14	2017	2	14	C0369	296	12	CRC	446,35000000000002	5356,1999999999998	1	-1	9,6099999999999994	696,30999999999995	1,25	1	1877,6800000000001	33700
504958	2016	12	14	2017	2	14	C0369	294	2	CRC	446,35000000000002	892,70000000000005	1	-1	1,6000000000000001	116,05	0,20999999999999999	1	3109800	0,56000000000000005
505006	2016	12	15	2017	1	15	C3265	294	4	CRC	446,35000000000002	1785,4000000000001	1	-1	3,2000000000000002	232,09999999999999	0,41999999999999998	1	6219600	11100
512329	2017	1	27	2017	1	27	C3212	287	2	CRC	370,5	741	1	-1	1,3200000000000001	96,329999999999998	0,17000000000000001	1	1834300	0,33000000000000002
512354	2017	1	27	2017	2	27	C0058	296	12	CRC	446,35000000000002	5356,1999999999998	1	-1	9,5500000000000007	696,30999999999995	1,24	1	1877,6900000000001	33500
512354	2017	1	27	2017	2	27	C0058	294	12	CRC	446,35000000000002	5356,1999999999998	1	-1	9,5500000000000007	696,30999999999995	1,24	1	1865,8900000000001	33300
508860	2017	1	11	2017	2	11	C0856	296	10	CRC	446,35000000000002	4463,5	1	-1	7,9400000000000004	580,25	1,03	1	1564,74	27800
508862	2017	1	11	2017	1	27	C0340	296	6	CRC	446,35000000000002	2678,0999999999999	1	-1	4,7699999999999996	348,14999999999998	0,62	1	9388400	16700
508992	2017	1	12	2017	2	12	C0026	294	3	CRC	446,35000000000002	1339,05	1	-1	2,3799999999999999	174,08000000000001	0,31	1	4664800	0,82999999999999996
509156	2017	1	12	2017	2	12	C2174	296	12	CRC	446,35000000000002	5356,1999999999998	1	37	9,5299999999999994	696,30999999999995	1,24	1	1877,6800000000001	33400
510141	2017	1	17	2017	3	17	C2465	296	8	CRC	424,03250000000003	3392,2600000000002	1	-1	6,0499999999999998	440,99000000000001	0,79000000000000004	1	1073,25	19100
510174	2017	1	17	2017	3	17	C2354	296	24	CRC	424,03250000000003	10176,780000000001	1	-1	18,149999999999999	1322,98	2,3599999999999999	1	3219,75	57400
513327	2017	2	1	2017	3	1	C1191	296	48	CRC	460	22080	1	-1	39,240000000000002	2870,4000000000001	5,0999999999999996	1	8165,9399999999996	145100
513869	2017	2	3	2017	3	3	C1577	294	3	CRC	446,35000000000002	1339,05	1	-1	2,3799999999999999	174,08000000000001	0,31	1	4664700	0,82999999999999996
513913	2017	2	4	2017	3	4	C0026	294	24	CRC	446,35000000000002	10712,4	1	-1	18,989999999999998	1392,6099999999999	2,4700000000000002	1	3731,7800000000002	66200
513937	2017	2	6	2017	4	6	C0479	294	25	CRC	446,35000000000002	11158,75	1	-1	19,780000000000001	1450,6400000000001	2,5699999999999998	1	3887,27	68900
513937	2017	2	6	2017	4	6	C0479	296	12	CRC	446,35000000000002	5356,1999999999998	1	-1	9,4900000000000002	696,30999999999995	1,23	1	1877,6800000000001	33200
514119	2017	2	6	2017	4	6	C0661	294	6	CRC	446,35000000000002	2678,0999999999999	1	-1	4,75	348,14999999999998	0,62	1	9329500	16600
514119	2017	2	6	2017	4	6	C0661	296	3	CRC	446,35000000000002	1339,05	1	-1	2,3700000000000001	174,08000000000001	0,31	1	4694200	0,82999999999999996
514206	2017	2	7	2017	2	7	C2401	294	36	CRC	449	16164	1	-1	28,629999999999999	2101,3200000000002	3,7200000000000002	1	5693,0699999999997	100800
515676	2017	2	14	2017	3	14	C2004	296	15	CRC	446,35000000000002	6695,25	1	-1	11,81	870,38	1,54	1	2278,5999999999999	40200
515676	2017	2	14	2017	3	14	C2004	294	2	CRC	446,35000000000002	892,70000000000005	1	-1	1,5800000000000001	116,05	0,20999999999999999	1	3109800	0,55000000000000004
515835	2017	2	15	2017	3	15	C1337	296	1	CRC	289,88	289,88	1	-1	0,51000000000000001	37,68	7,0000000000000007E-2	1	-45600	-0,01
516060	2017	2	15	2017	3	15	C0783	296	12	CRC	446,35000000000002	5356,1999999999998	1	-1	9,4499999999999993	696,30999999999995	1,23	1	1822,8800000000001	32200
516767	2017	2	18	2017	4	2	C1117	287	82	CRC	280	22960	1	-1	40,359999999999999	2984,8000000000002	5,25	1	995900	0,17999999999999999
517468	2017	2	22	2017	3	22	C1471	296	1	CRC	446,35000000000002	446,35000000000002	1	-1	0,78000000000000003	58,030000000000001	0,10000000000000001	1	1519100	0,26000000000000001
518626	2017	2	28	2017	3	28	C0856	296	6	CRC	446,35000000000002	2678,0999999999999	1	-1	4,71	348,14999999999998	0,60999999999999999	1	9114400	16000
519549	2017	3	3	2017	4	3	C2074	296	24	CRC	446,35000000000002	10712,4	1	-1	18,879999999999999	1392,6099999999999	2,4500000000000002	1	3645,7600000000002	64200
505757	2016	12	19	2016	12	19	C2205	296	12	CRC	424,03250000000003	5088,3900000000003	1	-1	9,1199999999999992	661,49000000000001	1,1899999999999999	1	1609,8699999999999	28800
506074	2016	12	20	2017	1	20	C2225	296	15	CRC	446,35000000000002	6695,25	1	-1	12	870,38	1,5600000000000001	1	2347,1100000000001	42100
506255	2016	12	21	2017	1	21	C2174	296	12	CRC	446,35000000000002	5356,1999999999998	1	-1	9,5800000000000001	696,30999999999995	1,25	1	1877,6900000000001	33600
507041	2016	12	26	2016	12	26	C1586	296	12	CRC	446,35000000000002	5356,1999999999998	1	-1	9,5500000000000007	696,30999999999995	1,24	1	1877,6800000000001	33500
507440	2017	1	3	2017	2	3	C1763	296	6	CRC	446,35000000000002	2678,0999999999999	1	-1	4,7699999999999996	348,14999999999998	0,60999999999999999	1	9388400	16700
509531	2017	1	13	2017	2	13	C0058	296	2	CRC	446,35000000000002	892,70000000000005	1	-1	1,5900000000000001	116,05	0,20999999999999999	1	3129500	0,56000000000000005
511784	2017	1	25	2017	2	25	C0368	294	6	CRC	446,35000000000002	2678,0999999999999	1	-1	4,7800000000000002	348,14999999999998	0,62	1	9329400	16700
519995	2017	3	6	2017	4	6	C3182	296	1	CRC	446,35000000000002	446,35000000000002	1	-1	0,79000000000000004	58,030000000000001	0,10000000000000001	1	1519100	0,27000000000000002
512736	2017	1	30	2017	2	28	C1763	294	6	CRC	446,35000000000002	2678,0999999999999	1	-1	4,7699999999999996	348,14999999999998	0,62	1	9329500	16600
512736	2017	1	30	2017	2	28	C1763	296	6	CRC	446,35000000000002	2678,0999999999999	1	-1	4,7699999999999996	348,14999999999998	0,62	1	9388400	16700
513255	2017	2	1	2017	3	1	C2329	296	3	CRC	446,35000000000002	1339,05	1	-1	2,3799999999999999	174,08000000000001	0,31	1	4694200	0,82999999999999996
522727	2017	3	20	2017	4	20	C1400	296	1	CRC	446,35000000000002	446,35000000000002	1	-1	0,79000000000000004	58,030000000000001	0,10000000000000001	1	1519100	0,27000000000000002
505110	2016	12	15	2017	1	15	C3258	294	6	CRC	446,35000000000002	2678,0999999999999	1	-1	4,7999999999999998	348,14999999999998	0,62	1	9329500	16700
505330	2016	12	16	2017	1	16	C0368	296	6	CRC	446,35000000000002	2678,0999999999999	1	-1	4,7999999999999998	348,14999999999998	0,62	1	9388400	16800
505353	2016	12	16	2017	2	16	C0479	296	24	CRC	446,35000000000002	10712,4	1	-1	19,210000000000001	1392,6099999999999	2,5	1	3755,3699999999999	67300
507682	2017	1	4	2017	2	4	C0413	296	12	CRC	446,35000000000002	5356,1999999999998	1	-1	9,5500000000000007	696,30999999999995	1,24	1	1877,6900000000001	33500
519570	2017	3	3	2017	4	18	C0571	294	6	CRC	446,35000000000002	2678,0999999999999	1	-1	4,7199999999999998	348,14999999999998	0,60999999999999999	1	9329400	16400
558450	2017	9	6	2017	10	6	C3923	287	10	CRC	349,98750000000001	3499,8800000000001	1	-1	6,04	454,98000000000002	0,79000000000000004	1	7290500	12600
550905	2017	7	31	2017	8	31	C3528	287	1	CRC	349,98750000000001	349,99000000000001	1	-1	0,60999999999999999	45,5	8,0000000000000002E-2	1	729100	0,13
566037	2017	10	12	2017	11	12	C0401	287	6	CRC	425	2550	1	-1	4,4199999999999999	331,5	0,56999999999999995	1	8875000	15400
547113	2017	7	11	2017	8	11	C0994	287	12	CRC	350	4200	1	-1	7,2999999999999998	546	0,94999999999999996	1	8750000	15200
548270	2017	7	17	2017	8	17	C3535	287	2	CRC	350	700	1	-1	1,22	91	0,16	1	1458300	0,26000000000000001
631782	2018	8	16	2018	9	16	C3605	287	12	CRC	423,69999999999999	5084,3999999999996	1	-1	8,9199999999999999	660,97000000000003	1,1599999999999999	1	1759,4100000000001	30900
591012	2018	2	13	2018	3	13	C3801	287	12	CRC	425	5100	1	-1	8,8800000000000008	663	1,1499999999999999	1	1775,01	30900
3390	2018	9	18	2018	11	2	C1117	287	178	CRC	340	60520	1	-1	104,23	7867,6000000000004	13,550000000000001	1	11199,25	192900
635025	2018	8	30	2018	9	30	C4268	287	18	CRC	340	6120	1	-1	10,65	795,60000000000002	1,3799999999999999	1	1132,51	19700
504413	2016	12	12	2017	1	12	C0413	295	6	CRC	996,84000000000003	5981,04	1	-1	10,73	777,53999999999996	1,3899999999999999	1	1016,8	18300
504875	2016	12	14	2017	1	14	C1443	293	6	CRC	921,13	5526,7799999999997	1	-1	9,9100000000000001	718,49000000000001	1,3	1	9395500	16800
504875	2016	12	14	2017	1	14	C1443	295	4	CRC	996,84000000000003	3987,3600000000001	1	-1	7,1500000000000004	518,36000000000001	0,93000000000000005	1	6778600	12200
504958	2016	12	14	2017	2	14	C0369	293	3	CRC	921,13	2763,3899999999999	1	-1	4,96	359,24000000000001	0,64000000000000001	1	4697700	0,84999999999999998
506408	2016	12	21	2017	2	21	C0369	293	6	CRC	921,13	5526,7799999999997	1	-1	9,8900000000000006	718,48000000000002	1,29	1	9395500	16800
507268	2017	1	3	2017	2	3	C3182	293	5	CRC	731	3655	1	-1	6,5099999999999998	475,14999999999998	0,84999999999999998	1	-732900	-0,13
507268	2017	1	3	2017	2	3	C3182	295	5	CRC	731	3655	1	-1	6,5099999999999998	475,14999999999998	0,84999999999999998	1	-25000	-0,01
507440	2017	1	3	2017	2	3	C1763	293	2	CRC	921,13	1842,26	1	-1	3,2799999999999998	239,49000000000001	0,42999999999999999	1	3509400	0,62
507545	2017	1	4	2016	12	27	C0712	295	1	CRC	996,84000000000003	996,84000000000003	1	-1	1,78	129,59	0,23000000000000001	1	2653400	0,47999999999999998
512346	2017	1	27	2017	2	27	C1337	295	1	CRC	827,38	827,38	1	50	1,47	107,56	0,19	1	1035000	0,17999999999999999
510079	2017	1	17	2017	3	17	C0369	293	6	CRC	921,13	5526,7799999999997	1	-1	9,8599999999999994	718,48000000000002	1,28	1	-3532200	-0,63
514460	2017	2	8	2017	3	8	C0856	293	8	CRC	921,13	7369,04	1	-1	13,02	957,98000000000002	1,6899999999999999	1	1517,1300000000001	26800
514460	2017	2	8	2017	3	8	C0856	295	8	CRC	996,84000000000003	7974,7200000000003	1	-1	14,09	1036,71	1,8300000000000001	1	2183,6900000000001	38600
514525	2017	2	8	2017	3	8	C1337	295	1	CRC	827,37	827,37	1	-1	1,46	107,56	0,19	1	1034900	0,17999999999999999
515305	2017	2	11	2017	3	13	C1878	295	6	CRC	996,84000000000003	5981,04	1	-1	10,56	777,53999999999996	1,3700000000000001	1	1637,77	28900
515518	2017	2	13	2017	3	13	C1701	295	2	CRC	996,84000000000003	1993,6800000000001	1	-1	3,52	259,18000000000001	0,46000000000000002	1	5459200	0,95999999999999996
515664	2017	2	14	2017	2	14	C2985	293	1	CRC	921,13	921,13	1	-1	1,6299999999999999	119,75	0,20999999999999999	1	1673000	0,29999999999999999
517123	2017	2	21	2017	3	21	C0640	293	14	CRC	922	12908	1	-1	22,690000000000001	1678,04	2,9500000000000002	1	2354,3899999999999	41400
517123	2017	2	21	2017	3	21	C0640	295	15	CRC	997	14955	1	-1	26,289999999999999	1944,1500000000001	3,4199999999999999	1	3731,3400000000001	65600
517468	2017	2	22	2017	3	22	C1471	295	1	CRC	996,84000000000003	996,84000000000003	1	-1	1,75	129,59	0,23000000000000001	1	2486000	0,42999999999999999
518626	2017	2	28	2017	3	28	C0856	293	3	CRC	921,13	2763,3899999999999	1	-1	4,8600000000000003	359,24000000000001	0,63	1	5703900	10000
511253	2017	1	23	2017	2	23	C0860	293	3	CRC	925	2775	1	-1	4,9500000000000002	360,75	0,64000000000000001	1	5805400	10400
511253	2017	1	23	2017	2	23	C0860	295	3	CRC	999	2997	1	-1	5,3499999999999996	389,61000000000001	0,69999999999999996	1	6655600	11900
519995	2017	3	6	2017	4	6	C3182	295	6	CRC	996,84000000000003	5981,04	1	-1	10,539999999999999	777,53999999999996	1,3700000000000001	1	1584,3199999999999	27900
520965	2017	3	10	2017	4	10	C0172	295	8	CRC	996,84000000000003	7974,7200000000003	1	-1	14,039999999999999	1036,71	1,8300000000000001	1	2112,4299999999998	37200
520233	2017	3	7	2017	5	6	C2465	295	6	CRC	946,99800000000005	5681,9899999999998	1	-1	10,01	738,65999999999997	1,3	1	1285,28	22600
520540	2017	3	8	2017	4	7	C3582	295	12	CRC	996,84000000000003	11962,08	1	-1	21,079999999999998	1555,0699999999999	2,73	1	3168,6500000000001	55800
520675	2017	3	9	2017	4	9	C2074	295	12	CRC	996,84000000000003	11962,08	1	-1	21,059999999999999	1555,0699999999999	2,7400000000000002	1	3168,6500000000001	55800
521781	2017	3	15	2017	5	15	C0369	293	3	CRC	921,13	2763,3899999999999	1	-1	4,8700000000000001	359,24000000000001	0,63	1	5692400	10000
507652	2017	1	4	2017	2	4	C1892	295	5	CRC	996,84000000000003	4984,1999999999998	1	-1	8,8800000000000008	647,95000000000005	1,1599999999999999	1	1326,7	23600
507671	2017	1	4	2017	1	4	C2884	295	5	CRC	996,84000000000003	4984,1999999999998	1	-1	8,8800000000000008	647,94000000000005	1,1599999999999999	1	1326,7	23600
508004	2017	1	5	2017	2	5	C3605	295	3	CRC	996,84000000000003	2990,52	1	-1	5,3300000000000001	388,76999999999998	0,68999999999999995	1	7960200	14200
523042	2017	3	21	2017	4	20	C1645	295	1	CRC	996,84000000000003	996,84000000000003	1	-1	1,77	129,59	0,23000000000000001	1	2486000	0,44
528299	2017	4	20	2017	5	20	C0627	293	6	CRC	921,13	5526,7799999999997	1	-1	9,7400000000000002	718,48000000000002	1,27	1	1230,0899999999999	21700
529835	2017	4	26	2017	5	26	C1337	293	1	CRC	764,53999999999996	764,53999999999996	1	-1	1,3400000000000001	99,390000000000001	0,17000000000000001	1	484200	8,0000000000000002E-2
535041	2017	5	17	2017	7	17	C0369	293	6	CRC	921,13	5526,7799999999997	1	-1	9,5500000000000007	718,48000000000002	1,24	1	1230,0899999999999	21300
537744	2017	5	27	2017	5	27	C0712	293	1	CRC	769,97260000000006	769,97000000000003	1	-1	1,3100000000000001	100,09999999999999	0,17000000000000001	1	538500	8,9999999999999997E-2
538911	2017	6	1	2017	7	1	C1577	293	6	CRC	769	4614	1	-1	8	599,82000000000005	1,04	1	3173100	0,55000000000000004
540548	2017	6	8	2017	7	8	C3826	293	1	CRC	769,97260000000006	769,97000000000003	1	-1	1,3400000000000001	100,09999999999999	0,17000000000000001	1	538500	0,10000000000000001
553453	2017	8	12	2017	9	12	C1337	293	1	CRC	921,13	921,13	1	-1	1,5900000000000001	119,75	0,20000000000000001	1	3061700	0,53000000000000003
553554	2017	8	12	2017	9	12	C0026	293	12	CRC	921,13	11053,559999999999	1	-1	19,09	1436,96	2,48	1	3674,02	63400
551519	2017	8	3	2017	8	3	C0881	293	12	CRC	925	11100	1	-1	19,25	1443	2,5	1	3720,46	64500
552076	2017	8	5	2017	9	5	C1422	295	6	CRC	998,10000000000002	5988,6000000000004	1	-1	10,369999999999999	778,51999999999998	1,3500000000000001	1	2293,8600000000001	39700
552531	2017	8	8	2017	9	8	C1337	295	1	CRC	996,84000000000003	996,84000000000003	1	-1	1,72	129,59	0,22	1	3810500	0,65000000000000002
555362	2017	8	23	2017	8	23	C2985	293	1	CRC	921,13	921,13	1	-1	1,6000000000000001	119,75	0,20999999999999999	1	3061700	0,53000000000000003
555362	2017	8	23	2017	8	23	C2985	295	1	CRC	996,84000000000003	996,84000000000003	1	-1	1,73	129,59	0,22	1	3810500	0,66000000000000003
557133	2017	8	31	2017	9	30	C2321	295	7	CRC	996,84000000000003	6977,8800000000001	1	-1	12,08	907,12	1,5700000000000001	1	2678,1300000000001	46300
557133	2017	8	31	2017	9	30	C2321	293	7	CRC	921,13	6447,9099999999999	1	-1	11,17	838,23000000000002	1,45	1	2143,1799999999998	37100
557149	2017	8	31	2017	9	30	C1422	295	6	CRC	996,29999999999995	5977,8000000000002	1	-1	10,35	777,11000000000001	1,3500000000000001	1	2292,3000000000002	39700
556295	2017	8	28	2017	9	28	C1337	293	1	CRC	921,13	921,13	1	-1	1,6000000000000001	119,75	0,20999999999999999	1	3061700	0,53000000000000003
558134	2017	9	6	2017	11	6	C0369	293	15	CRC	921,13	13816,950000000001	1	-1	23,829999999999998	1796,2	3,1000000000000001	1	4592,5200000000004	79200
558134	2017	9	6	2017	11	6	C0369	295	6	CRC	996,84000000000003	5981,04	1	-1	10,32	777,53999999999996	1,3400000000000001	1	2295,54	39600
558443	2017	9	6	2017	10	6	C3923	295	6	CRC	996,84000000000003	5981,04	1	-1	10,32	777,53999999999996	1,3400000000000001	1	2295,54	39600
558443	2017	9	6	2017	10	6	C3923	293	6	CRC	921,13	5526,7799999999997	1	-1	9,5299999999999994	718,48000000000002	1,24	1	1837,01	31700
560067	2017	9	14	2017	9	14	C0712	295	2	CRC	996,84000000000003	1993,6800000000001	1	-1	3,4399999999999999	259,18000000000001	0,45000000000000001	1	7651800	13200
563909	2017	10	4	2017	11	4	C1337	293	1	CRC	921,13	921,13	1	-1	1,6000000000000001	119,75	0,20999999999999999	1	3061700	0,53000000000000003
564107	2017	10	4	2017	12	4	C0369	293	25	CRC	921,13	23028,25	1	-1	40,020000000000003	2993,6700000000001	5,2000000000000002	1	7654,2200000000003	133000
566356	2017	10	13	2017	11	13	C2204	293	5	CRC	635	3175	1	-1	5,5199999999999996	412,75	0,71999999999999997	1	1001900	0,17000000000000001
566710	2017	10	17	2017	11	17	C1422	295	12	CRC	999	11988	1	-1	20,890000000000001	1558,4400000000001	2,7200000000000002	1	4617	80400
568292	2017	10	24	2017	10	24	C3920	295	6	CRC	999	5994	1	-1	10,460000000000001	779,22000000000003	1,3600000000000001	1	2308,5	40300
567700	2017	10	20	2017	10	20	C0712	295	1	CRC	996,84000000000003	996,84000000000003	1	-1	1,74	129,59	0,23000000000000001	1	3825900	0,67000000000000004
569661	2017	10	30	2017	11	30	C1337	293	2	CRC	921,13	1842,26	1	-1	3,2200000000000002	239,49000000000001	0,41999999999999998	1	6123400	10700
572399	2017	11	10	2017	12	10	C3995	295	2	CRC	996,84000000000003	1993,6800000000001	1	-1	3,4900000000000002	259,18000000000001	0,45000000000000001	1	7651800	13400
572906	2017	11	13	2017	12	13	C0327	293	6	CRC	694,99260000000004	4169,96	1	-1	7,29	542,09000000000003	0,94999999999999996	1	4801900	0,83999999999999997
572906	2017	11	13	2017	12	13	C0327	295	6	CRC	694,99680000000001	4169,9799999999996	1	-1	7,29	542,10000000000002	0,94999999999999996	1	4844800	0,84999999999999998
572929	2017	11	13	2018	1	13	C1838	295	24	CRC	695	16680	1	-1	29,16	2168,4000000000001	3,7999999999999998	1	1938	33900
571133	2017	11	6	2017	12	6	C4001	293	6	CRC	921,13	5526,7799999999997	1	-1	9,6699999999999999	718,48000000000002	1,26	1	1837,01	32200
573495	2017	11	15	2017	12	15	C1505	295	10	CRC	694,99680000000001	6949,9700000000003	1	-1	12,17	903,5	1,5800000000000001	1	8074700	14100
573495	2017	11	15	2017	12	15	C1505	293	10	CRC	694,99260000000004	6949,9300000000003	1	-1	12,17	903,49000000000001	1,5800000000000001	1	8003200	14000
573532	2017	11	15	2017	11	15	C0712	293	1	CRC	694,99260000000004	694,99000000000001	1	-1	1,22	90,349999999999994	0,16	1	800300	0,14000000000000001
573547	2017	11	15	2017	12	15	C3648	293	10	CRC	694,99260000000004	6949,9300000000003	1	-1	12,17	903,49000000000001	1,5800000000000001	1	8003200	14000
573605	2017	11	15	2017	12	15	C0050	293	6	CRC	694,99260000000004	4169,96	1	-1	7,2999999999999998	542,09000000000003	0,94999999999999996	1	4801900	0,83999999999999997
573662	2017	11	15	2017	12	15	C1088	293	4	CRC	694,99260000000004	2779,9699999999998	1	-1	4,8700000000000001	361,39999999999998	0,63	1	3201300	0,56000000000000005
573669	2017	11	15	2017	12	15	C0368	293	6	CRC	694,99260000000004	4169,96	1	-1	7,2999999999999998	542,09000000000003	0,94999999999999996	1	4801900	0,83999999999999997
562021	2017	9	26	2017	10	26	C1422	295	12	CRC	996,29999999999995	11955,6	1	-1	20,719999999999999	1554,23	2,6899999999999999	1	4584,6000000000004	79500
562129	2017	9	26	2017	9	26	C0712	293	4	CRC	921,13	3684,52	1	-1	6,3799999999999999	478,99000000000001	0,82999999999999996	1	1224,6800000000001	21200
562129	2017	9	26	2017	9	26	C0712	295	1	CRC	996,84000000000003	996,84000000000003	1	-1	1,73	129,59	0,22	1	3825900	0,67000000000000004
576733	2017	11	29	2017	12	29	C1752	293	2	CRC	695	1390	1	-1	2,4500000000000002	180,69999999999999	0,32000000000000001	1	1600800	0,28999999999999998
577023	2017	11	30	2017	12	30	C1861	293	12	CRC	694,99260000000004	8339,9099999999999	1	-1	14,67	1084,1900000000001	1,8999999999999999	1	9603800	16900
577023	2017	11	30	2017	12	30	C1861	295	12	CRC	694,99680000000001	8339,9599999999991	1	-1	14,67	1084,1900000000001	1,9099999999999999	1	9689600	17100
578000	2017	12	5	2018	1	5	C0668	293	10	CRC	694,99260000000004	6949,9300000000003	1	-1	12,23	903,49000000000001	1,5900000000000001	1	8003200	14100
578000	2017	12	5	2018	1	5	C0668	295	6	CRC	694,99680000000001	4169,9799999999996	1	-1	7,3399999999999999	542,10000000000002	0,94999999999999996	1	4844800	0,85999999999999999
578251	2017	12	6	2018	1	6	C0989	295	12	CRC	694,99680000000001	8339,9599999999991	1	-1	14,67	1084,1900000000001	1,9099999999999999	1	9689600	17100
578251	2017	12	6	2018	1	6	C0989	293	12	CRC	694,99260000000004	8339,9099999999999	1	-1	14,67	1084,1900000000001	1,9099999999999999	1	9603700	16900
578562	2017	12	7	2017	12	7	C0712	293	3	CRC	694,99260000000004	2084,98	1	-1	3,6699999999999999	271,05000000000001	0,47999999999999998	1	2401000	0,42999999999999999
578982	2017	12	8	2017	12	8	C3169	293	5	CRC	694,99260000000004	3474,96	1	-1	6,1100000000000003	451,74000000000001	0,79000000000000004	1	4001500	0,69999999999999996
579264	2017	12	11	2018	1	11	C0948	293	12	CRC	694,99260000000004	8339,9099999999999	1	-1	14,66	1084,1900000000001	1,9099999999999999	1	9603800	16900
579264	2017	12	11	2018	1	11	C0948	295	12	CRC	694,99680000000001	8339,9599999999991	1	-1	14,66	1084,1900000000001	1,9099999999999999	1	9689600	17100
579339	2017	12	11	2017	12	11	C3212	293	1	CRC	918,64999999999998	918,64999999999998	1	-1	1,6100000000000001	119,42	0,20999999999999999	1	3036900	0,53000000000000003
579639	2017	12	13	2018	1	13	C0569	295	6	CRC	694,99680000000001	4169,9799999999996	1	-1	7,3300000000000001	542,10000000000002	0,94999999999999996	1	4844800	0,84999999999999998
579639	2017	12	13	2018	1	13	C0569	293	6	CRC	694,99260000000004	4169,96	1	-1	7,3300000000000001	542,09000000000003	0,94999999999999996	1	4801900	0,83999999999999997
579644	2017	12	13	2018	1	13	C1275	295	6	CRC	694,99680000000001	4169,9799999999996	1	-1	7,3300000000000001	542,10000000000002	0,94999999999999996	1	4844800	0,84999999999999998
579644	2017	12	13	2018	1	13	C1275	293	6	CRC	694,99260000000004	4169,96	1	-1	7,3300000000000001	542,09000000000003	0,94999999999999996	1	4801900	0,83999999999999997
579784	2017	12	14	2018	1	14	C2318	293	15	CRC	694,99260000000004	10424,889999999999	1	-1	18,329999999999998	1355,24	2,3799999999999999	1	1200,47	21100
579784	2017	12	14	2018	1	14	C2318	295	15	CRC	694,99680000000001	10424,950000000001	1	-1	18,329999999999998	1355,24	2,3799999999999999	1	1211,2	21300
573738	2017	11	16	2017	12	16	C2138	293	2	CRC	695	1390	1	-1	2,4300000000000002	180,69999999999999	0,32000000000000001	1	1600800	0,28000000000000003
573782	2017	11	16	2017	12	16	C1337	295	1	CRC	694,99680000000001	695	1	-1	1,22	90,349999999999994	0,16	1	807500	0,14000000000000001
573849	2017	11	16	2017	12	16	C0401	295	6	CRC	694,99680000000001	4169,9799999999996	1	-1	7,2999999999999998	542,10000000000002	0,94999999999999996	1	4844800	0,83999999999999997
573849	2017	11	16	2017	12	16	C0401	293	6	CRC	694,99260000000004	4169,96	1	-1	7,2999999999999998	542,09000000000003	0,94999999999999996	1	4801900	0,83999999999999997
574057	2017	11	17	2017	12	17	C0864	293	6	CRC	694,99260000000004	4169,96	1	-1	7,3200000000000003	542,09000000000003	0,94999999999999996	1	4801900	0,83999999999999997
574057	2017	11	17	2017	12	17	C0864	295	4	CRC	694,99680000000001	2779,9899999999998	1	-1	4,8799999999999999	361,39999999999998	0,63	1	3229900	0,56999999999999995
575189	2017	11	23	2017	12	23	C0662	295	8	CRC	694,99680000000001	5559,9700000000003	1	-1	9,7799999999999994	722,79999999999995	1,27	1	6459700	11300
575189	2017	11	23	2017	12	23	C0662	293	12	CRC	694,99260000000004	8339,9099999999999	1	-1	14,67	1084,1900000000001	1,9099999999999999	1	9603800	16900
575734	2017	11	24	2017	12	24	C1337	295	1	CRC	694,99680000000001	695	1	-1	1,22	90,349999999999994	0,16	1	807500	0,14000000000000001
576236	2017	11	27	2017	12	27	C0668	293	10	CRC	694,99260000000004	6949,9300000000003	1	-1	12,23	903,49000000000001	1,5900000000000001	1	8003200	14000
580254	2017	12	14	2018	1	14	C0084	295	4	CRC	695	2780	1	-1	4,8899999999999997	361,39999999999998	0,64000000000000001	1	3230000	0,56999999999999995
582803	2018	1	4	2018	2	4	C1275	293	6	CRC	921,13	5526,7799999999997	1	-1	9,6600000000000001	718,48000000000002	1,26	1	1837,01	32100
582803	2018	1	4	2018	2	4	C1275	295	6	CRC	996,84000000000003	5981,04	1	-1	10,449999999999999	777,53999999999996	1,3600000000000001	1	2295,54	40100
582921	2018	1	5	2018	1	5	C3212	293	1	CRC	918,64999999999998	918,64999999999998	1	-1	1,6000000000000001	119,42	0,20999999999999999	1	3036900	0,53000000000000003
582996	2018	1	5	2018	3	5	C1622	295	12	CRC	996,84000000000003	11962,08	1	-1	20,879999999999999	1555,0699999999999	2,71	1	4591,0799999999999	80200
525386	2017	4	1	2017	5	1	C3199	289	1	CRC	64410,040000000001	64410,040000000001	1	-1	113,53	8373,3099999999995	14,76	1	16103,440000000001	283900
529698	2017	4	26	2017	5	26	C2026	290	1	CRC	30192,189999999999	30192,189999999999	1	-1	53,109999999999999	3924,98	6,9000000000000004	1	7548,4899999999998	132800
582996	2018	1	5	2018	3	5	C1622	293	12	CRC	921,13	11053,559999999999	1	-1	19,289999999999999	1436,96	2,5099999999999998	1	3674,02	64100
580721	2017	12	18	2017	12	18	C0712	293	3	CRC	694,99260000000004	2084,98	1	-1	3,6699999999999999	271,05000000000001	0,47999999999999998	1	2401000	0,41999999999999998
580721	2017	12	18	2017	12	18	C0712	295	2	CRC	694,99680000000001	1389,99	1	-1	2,4500000000000002	180,69999999999999	0,32000000000000001	1	1614900	0,28999999999999998
580722	2017	12	18	2017	12	18	C0712	293	2	CRC	694,99260000000004	1389,99	1	-1	2,4500000000000002	180,69999999999999	0,32000000000000001	1	1600700	0,28999999999999998
580773	2017	12	18	2018	1	18	C3371	295	8	CRC	694,99680000000001	5559,9700000000003	1	-1	9,7799999999999994	722,79999999999995	1,27	1	6459700	11300
580773	2017	12	18	2018	1	18	C3371	293	8	CRC	694,99260000000004	5559,9399999999996	1	-1	9,7799999999999994	722,78999999999996	1,27	1	6402500	11200
582045	2017	12	22	2017	12	22	C2985	293	3	CRC	695	2085	1	-1	3,6499999999999999	271,05000000000001	0,47999999999999998	1	2401200	0,41999999999999998
582056	2017	12	22	2017	12	22	C0712	295	2	CRC	694,99680000000001	1389,99	1	-1	2,4399999999999999	180,69999999999999	0,32000000000000001	1	1614900	0,28999999999999998
582056	2017	12	22	2017	12	22	C0712	295	2	CRC	694,99680000000001	1389,99	1	-1	2,4399999999999999	180,69999999999999	0,31	1	1614900	0,28999999999999998
582066	2017	12	22	2017	12	22	C0712	293	1	CRC	694,99260000000004	694,99000000000001	1	-1	1,22	90,349999999999994	0,16	1	800300	0,14000000000000001
582242	2017	12	22	2018	1	22	C0627	293	6	CRC	694,99260000000004	4169,96	1	-1	7,3099999999999996	542,09000000000003	0,94999999999999996	1	4801900	0,84999999999999998
582253	2017	12	22	2018	1	22	C0368	295	3	CRC	694,99680000000001	2084,9899999999998	1	-1	3,6499999999999999	271,05000000000001	0,47999999999999998	1	2422400	0,41999999999999998
582299	2018	1	2	2018	2	2	C0026	295	12	CRC	996,84000000000003	11962,08	1	-1	20,890000000000001	1555,0699999999999	2,7200000000000002	1	4591,0799999999999	80200
584222	2018	1	10	2018	2	10	C1057	295	1	CRC	996,84000000000003	996,84000000000003	1	-1	1,74	129,59	0,23000000000000001	1	3825900	0,67000000000000004
584245	2018	1	10	2018	2	10	C0569	293	4	CRC	921,13	3684,52	1	-1	6,4299999999999997	478,99000000000001	0,83999999999999997	1	1224,6700000000001	21400
584497	2018	1	11	2018	2	11	C0864	295	8	CRC	996,84000000000003	7974,7200000000003	1	-1	13,92	1036,71	1,8100000000000001	1	3060,7199999999998	53400
584497	2018	1	11	2018	2	11	C0864	293	4	CRC	921,13	3684,52	1	-1	6,4299999999999997	478,99000000000001	0,83999999999999997	1	1224,6800000000001	21400
585018	2018	1	15	2018	1	15	C0712	293	4	CRC	921,13	3684,52	1	-1	6,4400000000000004	478,99000000000001	0,83999999999999997	1	1224,6700000000001	21400
585279	2018	1	16	2018	2	16	C1782	293	6	CRC	695	4170	1	-1	7,2999999999999998	542,10000000000002	0,94999999999999996	1	4802300	0,83999999999999997
585279	2018	1	16	2018	2	16	C1782	295	6	CRC	695	4170	1	-1	7,2999999999999998	542,10000000000002	0,94999999999999996	1	4845000	0,84999999999999998
572929	2017	11	13	2018	1	13	C1838	293	24	CRC	695	16680	1	-1	29,16	2168,4000000000001	3,79	1	1920,9300000000001	33600
573111	2017	11	14	2017	12	14	C1191	293	48	CRC	716	34368	1	-1	60,100000000000001	4467,8400000000001	7,8200000000000003	1	4849,8599999999997	84800
573111	2017	11	14	2017	12	14	C1191	295	48	CRC	716	34368	1	-1	60,100000000000001	4467,8400000000001	7,8099999999999996	1	4884	85400
573302	2017	11	14	2017	12	14	C3265	293	4	CRC	694,99260000000004	2779,9699999999998	1	-1	4,8600000000000003	361,39999999999998	0,63	1	3201300	0,56000000000000005
573404	2017	11	15	2018	1	15	C0369	293	12	CRC	695	8340	1	-1	14,6	1084,2	1,8999999999999999	1	9604700	16800
574171	2017	11	17	2018	1	1	C0470	295	6	CRC	694,99680000000001	4169,9799999999996	1	-1	7,3200000000000003	542,10000000000002	0,94999999999999996	1	4844800	0,84999999999999998
574171	2017	11	17	2018	1	1	C0470	293	6	CRC	694,99260000000004	4169,96	1	-1	7,3200000000000003	542,09000000000003	0,94999999999999996	1	4801900	0,83999999999999997
574602	2017	11	20	2017	12	20	C0668	293	6	CRC	694,99260000000004	4169,96	1	-1	7,3200000000000003	542,09000000000003	0,94999999999999996	1	4801900	0,83999999999999997
574602	2017	11	20	2017	12	20	C0668	295	6	CRC	694,99680000000001	4169,9799999999996	1	-1	7,3200000000000003	542,10000000000002	0,94999999999999996	1	4844800	0,84999999999999998
574671	2017	11	20	2017	12	20	C0584	293	20	CRC	694,99260000000004	13899,85	1	-1	24,41	1806,98	3,1699999999999999	1	1600,6300000000001	28100
574671	2017	11	20	2017	12	20	C0584	295	20	CRC	694,99680000000001	13899,940000000001	1	-1	24,41	1806,99	3,1699999999999999	1	1614,9400000000001	28400
575043	2017	11	21	2017	12	21	C1837	293	6	CRC	694,99260000000004	4169,96	1	-1	7,3300000000000001	542,09000000000003	0,94999999999999996	1	4801900	0,83999999999999997
575066	2017	11	22	2017	11	22	C1450	295	4	CRC	695	2780	1	-1	4,8899999999999997	361,39999999999998	0,64000000000000001	1	3230000	0,56999999999999995
575066	2017	11	22	2017	11	22	C1450	293	4	CRC	695	2780	1	-1	4,8899999999999997	361,39999999999998	0,64000000000000001	1	3201600	0,56000000000000005
560954	2017	9	20	2017	11	20	C0369	293	12	CRC	921,13	11053,559999999999	1	-1	19,09	1436,96	2,48	1	3674,0300000000002	63400
561162	2017	9	21	2017	10	21	C1337	293	12	CRC	921,13	11053,559999999999	1	-1	19,109999999999999	1436,96	2,48	1	3674,0300000000002	63500
561464	2017	9	22	2017	10	22	C1337	295	1	CRC	996,84000000000003	996,84000000000003	1	-1	1,72	129,59	0,22	1	3825900	0,66000000000000003
586565	2018	1	23	2018	2	23	C1337	295	1	CRC	996,84000000000003	996,84000000000003	1	-1	1,74	129,59	0,23000000000000001	1	3825900	0,67000000000000004
586609	2018	1	23	2018	2	23	C2541	293	6	CRC	875,07349999999997	5250,4399999999996	1	-1	9,1799999999999997	682,55999999999995	1,1899999999999999	1	1560,6700000000001	27300
586609	2018	1	23	2018	2	23	C2541	295	6	CRC	946,99800000000005	5681,9899999999998	1	-1	9,9399999999999995	738,65999999999997	1,29	1	1996,49	35000
583643	2018	1	8	2018	2	8	C1069	295	3	CRC	996,84000000000003	2990,52	1	-1	5,2800000000000002	388,76999999999998	0,68999999999999995	1	1147,77	20300
583643	2018	1	8	2018	2	8	C1069	293	3	CRC	921,13	2763,3899999999999	1	-1	4,8799999999999999	359,24000000000001	0,63	1	9185100	16200
583846	2018	1	9	2018	2	9	C2022	293	1	CRC	921,13	921,13	1	-1	1,6100000000000001	119,75	0,20999999999999999	1	3061700	0,54000000000000004
583846	2018	1	9	2018	2	9	C2022	295	1	CRC	996,84000000000003	996,84000000000003	1	-1	1,74	129,59	0,23000000000000001	1	3825900	0,67000000000000004
584002	2018	1	9	2018	2	9	C3834	295	3	CRC	996,84000000000003	2990,52	1	-1	5,2199999999999998	388,76999999999998	0,68000000000000005	1	1147,77	20000
584151	2018	1	10	2018	3	10	C0369	293	12	CRC	921,13	11053,559999999999	1	-1	19,300000000000001	1436,96	2,5099999999999998	1	3674,02	64200
584222	2018	1	10	2018	2	10	C1057	293	1	CRC	921,13	921,13	1	-1	1,6100000000000001	119,75	0,20999999999999999	1	3061700	0,54000000000000004
587065	2018	1	24	2018	2	24	C0549	295	2	CRC	996,84000000000003	1993,6800000000001	1	-1	3,4900000000000002	259,18000000000001	0,45000000000000001	1	7651800	13400
586882	2018	1	24	2018	1	24	C0712	295	6	CRC	996,84000000000003	5981,04	1	-1	10,460000000000001	777,53999999999996	1,3600000000000001	1	2295,54	40200
586882	2018	1	24	2018	1	24	C0712	293	6	CRC	921,13	5526,7799999999997	1	-1	9,6600000000000001	718,48000000000002	1,26	1	1837,01	32100
590804	2018	2	12	2018	2	12	C4035	295	2	CRC	996,84000000000003	1993,6800000000001	1	-1	3,46	259,18000000000001	0,45000000000000001	1	7651800	13300
590927	2018	2	13	2018	2	13	C0712	295	3	CRC	996,84000000000003	2990,52	1	-1	5,2000000000000002	388,76999999999998	0,68000000000000005	1	1147,77	19900
590083	2018	2	8	2018	3	8	C1826	295	12	CRC	996,84000000000003	11962,08	1	-1	20,719999999999999	1555,0699999999999	2,6899999999999999	1	4591,0799999999999	79500
590083	2018	2	8	2018	3	8	C1826	293	11	CRC	921,13	10132,43	1	-1	17,550000000000001	1317,22	2,2799999999999998	1	3367,8600000000001	58300
590088	2018	2	8	2018	3	8	C3719	293	10	CRC	921,13	9211,2999999999993	1	-1	15,949999999999999	1197,47	2,0699999999999998	1	3061,6900000000001	53000
590088	2018	2	8	2018	3	8	C3719	295	10	CRC	996,84000000000003	9968,3999999999996	1	-1	17,27	1295,8900000000001	2,25	1	3825,9000000000001	66300
593568	2018	2	24	2018	2	24	C0712	295	2	CRC	996,84000000000003	1993,6800000000001	1	-1	3,48	259,18000000000001	0,46000000000000002	1	7651800	13300
593623	2018	2	24	2018	2	24	C0881	295	2	CRC	999	1998	1	-1	3,4900000000000002	259,74000000000001	0,45000000000000001	1	7695000	13400
595421	2018	3	6	2018	4	6	C0084	295	6	CRC	996,84000000000003	5981,04	1	-1	10,44	777,53999999999996	1,3600000000000001	1	2295,54	40100
575089	2017	11	23	2018	1	23	C0369	295	6	CRC	694,99680000000001	4169,9799999999996	1	-1	7,3399999999999999	542,10000000000002	0,94999999999999996	1	4844800	0,85999999999999999
595928	2018	3	7	2018	4	7	C3923	295	6	CRC	996,84000000000003	5981,04	1	-1	10,460000000000001	777,53999999999996	1,3600000000000001	1	2295,54	40100
596503	2018	3	10	2018	4	10	C1337	295	1	CRC	996,84000000000003	996,84000000000003	1	-1	1,74	129,59	0,23000000000000001	1	3825900	0,67000000000000004
596930	2018	3	13	2018	4	13	C1337	295	1	CRC	996,84000000000003	996,84000000000003	1	-1	1,74	129,59	0,23000000000000001	1	3825900	0,67000000000000004
597689	2018	3	15	2018	3	15	C0712	295	1	CRC	996,84000000000003	996,84000000000003	1	-1	1,75	129,59	0,23000000000000001	1	3825900	0,67000000000000004
585655	2018	1	17	2018	2	17	C2329	293	4	CRC	921,13	3684,52	1	-1	6,4500000000000002	478,99000000000001	0,83999999999999997	1	1224,6800000000001	21500
585655	2018	1	17	2018	2	17	C2329	295	3	CRC	996,84000000000003	2990,52	1	-1	5,2300000000000004	388,76999999999998	0,68000000000000005	1	1147,77	20100
585808	2018	1	18	2018	2	18	C0627	295	6	CRC	996,84000000000003	5981,04	1	-1	10,48	777,53999999999996	1,3600000000000001	1	2295,54	40200
591533	2018	2	14	2018	3	14	C3923	295	6	CRC	996,84000000000003	5981,04	1	-1	10,44	777,53999999999996	1,3600000000000001	1	2295,54	40100
591653	2018	2	15	2018	2	15	C2985	295	3	CRC	695	2085	1	-1	3,6400000000000001	271,05000000000001	0,46999999999999997	1	2422500	0,41999999999999998
599922	2018	3	26	2018	4	26	C0026	295	12	CRC	996,84000000000003	11962,08	1	-1	21,079999999999998	1555,0699999999999	2,7400000000000002	1	4591,0799999999999	80900
538619	2017	5	31	2017	6	30	C3805	289	2	CRC	64410	128820	1	-1	222,06	16746,599999999999	28,870000000000001	1	32206,799999999999	555200
540329	2017	6	8	2017	9	8	C3023	289	1	CRC	64410,040000000001	64410,040000000001	1	-1	111,92	8373,3099999999995	14,550000000000001	1	16103,440000000001	279800
542971	2017	6	20	2017	7	5	C1626	290	1	CRC	36299,5	36299,5	1	-1	62,93	4718,9300000000003	8,1699999999999999	1	13655,799999999999	236700
521310	2017	3	13	2017	4	13	C3199	289	1	CRC	64410,040000000001	64410,040000000001	1	-1	113,43000000000001	8373,3099999999995	14,75	1	16103,440000000001	283600
521371	2017	3	13	2017	3	14	C0531	290	1	CRC	30192,189999999999	30192,189999999999	1	-1	53,170000000000002	3924,98	6,9100000000000001	1	-12537,809999999999	-220800
554235	2017	8	17	2017	9	17	C0053	290	1	CRC	36299,5	36299,5	1	62	62,799999999999997	4718,9300000000003	8,1699999999999999	1	12493,65	216100
606303	2018	4	26	2018	5	26	C0026	295	24	CRC	996,84000000000003	23924,16	1	-1	42,189999999999998	3110,1399999999999	5,4800000000000004	1	9182,1599999999999	161900
611739	2018	5	21	2018	6	21	C1337	295	4	CRC	996,84000000000003	3987,3600000000001	1	-1	7,0199999999999996	518,36000000000001	0,91000000000000003	1	1530,3599999999999	26900
613589	2018	5	28	2018	6	28	C0569	295	6	CRC	996,84000000000003	5981,04	1	-1	10,529999999999999	777,53999999999996	1,3700000000000001	1	2295,54	40400
613840	2018	5	29	2018	5	29	C0712	295	1	CRC	996,84000000000003	996,84000000000003	1	-1	1,75	129,59	0,23000000000000001	1	3825900	0,67000000000000004
615990	2018	6	6	2018	7	6	C0627	295	3	CRC	996,84000000000003	2990,52	1	-1	5,2400000000000002	388,76999999999998	0,68000000000000005	1	1147,77	20100
574404	2017	11	20	2017	11	20	C4012	289	1	CRC	64410,040000000001	64410,040000000001	1	-1	113,12	8373,3099999999995	14,710000000000001	1	16103,440000000001	282800
604779	2018	4	19	2018	5	19	C0545	291	1	CRC	45650	45650	1	-1	80,439999999999998	5934,5	10,460000000000001	1	11413	201100
619872	2018	6	22	2018	7	22	C2935	289	1	CRC	67975	67975	1	-1	119,11	8836,75	15,48	1	19668,400000000001	344600
620449	2018	6	26	2018	7	26	C2935	289	1	CRC	67975	67975	1	-1	119,12	8836,75	15,49	1	19668,400000000001	344700
626152	2018	7	20	2018	9	20	C0184	290	1	CRC	30192,189999999999	30192,189999999999	1	-1	52,969999999999999	3924,98	6,8899999999999997	1	6386,3400000000001	112000
17859	2018	11	19	2018	12	19	C0350	291	1	CRC	53587	53587	1	-1	88,609999999999999	6966,3100000000004	11,52	1	22157	366400
28300	2019	1	11	2019	2	11	C1357	290	1	CRC	34820	34820	8	-1	57,039999999999999	4526,6000000000004	7,4199999999999999	1	6964	114100
34217	2019	2	8	2019	3	8	C4241	289	2	CRC	55163,900000000001	110327,8	8	-1	179,36000000000001	14342,610000000001	23,32	1	29670,68	482400
36795	2019	2	20	2019	2	20	C0648	289	1	CRC	51183	51183	1	-1	83,549999999999997	6653,79	10,859999999999999	1	10854,440000000001	177200
71956	2019	7	30	2019	9	30	C0184	291	1	CRC	45370	45370	8	-1	79,049999999999997	5898,1000000000004	10,279999999999999	1	10512	183200
73697	2019	8	7	2019	9	7	C4557	290	2	CRC	32000	64000	8	-1	111,66	8320	14,52	1	14696	256400
73697	2019	8	7	2019	9	7	C4557	289	2	CRC	32500	65000	8	-1	113,40000000000001	8450	14,74	1	-15658	-273200
84760	2019	9	26	2019	10	26	C2000	289	2		0	0	1	-1	0	0	0	1	0	0
